















































Dec 29, 2022 109.20 109.60 108.40 109.50 109.50 14,302,091
Dec 28, 2022 110.50 110.50 109.40 110.00 110.00 12,175,351
Dec 27, 2022 111.40 112.25 111.40 111.60 111.60 4,127,175
Dec 26, 2022 110.80 111.20 110.70 111.10 111.10 4,030,170
Dec 23, 2022 110.70 111.05 110.40 110.70 110.70 5,985,362
Dec 22, 2022 111.75 112.75 111.75 112.60 112.60 5,023,151
Dec 21, 2022 110.80 111.40 110.30 110.75 110.75 11,903,153
Dec 20, 2022 112.15 112.50 110.05 110.30 110.30 12,435,983
Dec 19, 2022 112.35 112.95 112.00 112.35 112.35 6,131,528
Dec 16, 2022 112.50 113.30 112.25 113.00 113.00 11,881,776
Dec 15, 2022 114.30 115.05 113.90 114.90 114.90 7,809,191
Dec 14, 2022 114.10 115.00 114.00 114.80 114.80 7,883,543
Dec 13, 2022 114.50 114.50 113.25 113.40 113.40 6,522,142
Dec 12, 2022 114.20 114.20 113.25 113.90 113.90 8,364,050
Dec 09, 2022 114.00 115.25 113.95 115.00 115.00 6,236,839
Dec 08, 2022 114.05 114.10 112.45 113.25 113.25 9,118,894
Dec 07, 2022 114.50 115.85 114.20 114.60 114.60 8,225,389
Dec 06, 2022 116.80 116.80 115.20 115.30 115.30 9,970,008
Dec 05, 2022 117.30 118.50 117.20 117.45 117.45 11,987,754
Dec 02, 2022 117.30 117.95 117.00 117.30 117.30 7,480,152
Dec 01, 2022 119.20 119.50 118.00 118.35 118.35 24,684,339
Nov 30, 2022 115.10 116.40 114.85 116.35 116.35 9,296,066
Nov 29, 2022 113.85 115.40 113.10 115.40 115.40 10,671,467
Nov 28, 2022 114.60 115.30 113.90 114.35 114.35 15,044,738
Nov 25, 2022 116.65 116.95 116.35 116.70 116.70 16,020,486
Nov 24, 2022 116.00 116.85 115.90 116.70 116.70 15,238,836
Nov 23, 2022 115.65 115.90 115.05 115.60 115.60 7,938,962
Nov 22, 2022 113.40 115.00 113.05 114.80 114.80 5,544,518
Nov 21, 2022 114.35 114.65 113.70 113.85 113.85 8,685,569
Nov 18, 2022 114.90 115.85 114.05 114.25 114.25 10,656,075
Nov 17, 2022 113.95 114.65 112.85 114.55 114.55 13,352,418
Nov 16, 2022 115.00 115.75 113.85 114.50 114.50 23,671,241
Nov 15, 2022 111.20 114.95 111.20 114.70 114.70 33,843,257
Nov 14, 2022 109.80 110.40 109.40 110.00 110.00 18,166,766
Nov 11, 2022 108.55 109.00 107.80 109.00 109.00 34,312,389
Nov 10, 2022 103.45 103.85 103.20 103.50 103.50 14,732,904
Nov 09, 2022 102.55 104.50 102.55 104.50 104.50 18,911,329
Nov 08, 2022 101.45 101.95 101.25 101.60 101.60 10,406,422
Nov 07, 2022 99.80 100.85 99.55 100.55 100.55 12,106,536
Nov 04, 2022 98.10 98.95 97.50 98.85 98.85 6,432,535
Nov 03, 2022 98.50 98.85 98.35 98.70 98.70 13,533,114
Nov 02, 2022 99.60 100.05 99.40 100.00 100.00 7,005,305
Nov 01, 2022 98.85 99.95 98.80 99.60 99.60 8,194,304
Oct 31, 2022 98.85 99.35 98.10 99.05 99.05 10,088,080
Oct 28, 2022 98.60 98.60 97.25 97.75 97.75 11,490,720
Oct 27, 2022 98.50 99.35 98.50 99.00 99.00 8,017,172
Oct 26, 2022 96.85 98.00 96.50 97.60 97.60 10,959,458
Oct 25, 2022 98.60 98.60 96.50 96.70 96.70 20,064,917
Oct 24, 2022 100.75 100.80 98.60 98.60 98.60 16,995,535
Oct 21, 2022 99.30 99.85 98.70 98.90 98.90 12,165,601
Oct 20, 2022 98.20 99.45 97.35 99.20 99.20 18,984,972
Oct 19, 2022 100.80 101.00 99.55 99.75 99.75 15,624,079
Oct 18, 2022 101.50 101.55 99.95 101.10 101.10 6,402,034
Oct 17, 2022 99.95 100.10 99.05 99.95 99.95 19,692,976
Oct 14, 2022 101.75 102.30 101.10 101.85 101.85 11,432,758
Oct 13, 2022 100.55 100.55 99.00 99.00 99.00 20,842,760
Oct 12, 2022 100.40 100.70 99.55 100.20 100.20 13,349,296
Oct 11, 2022 102.00 102.15 100.50 100.70 100.70 31,480,435
Oct 07, 2022 107.40 107.40 106.10 106.20 106.20 8,700,628
Oct 06, 2022 107.80 108.00 107.50 108.00 108.00 8,457,011
Oct 05, 2022 106.50 107.85 106.35 107.25 107.25 10,696,796
Oct 04, 2022 104.55 104.80 104.10 104.80 104.80 7,528,683
Oct 03, 2022 102.50 103.60 102.05 102.20 102.20 10,992,367
Sep 30, 2022 103.30 103.90 103.00 103.45 103.45 12,676,428
Sep 29, 2022 106.45 106.45 104.60 104.90 104.90 10,402,108
Sep 28, 2022 107.60 107.65 105.25 105.25 105.25 18,898,469
Sep 27, 2022 107.80 107.95 107.00 107.50 107.50 8,962,778
Sep 26, 2022 108.05 108.05 107.15 107.65 107.65 19,920,826
Sep 23, 2022 110.25 110.35 109.35 109.70 109.70 14,598,986
Sep 22, 2022 110.40 110.75 109.50 110.75 110.75 14,911,681
Sep 21, 2022 112.80 112.80 111.80 112.10 112.10 11,011,543
Sep 20, 2022 112.55 113.15 112.25 113.05 113.05 5,757,206
Sep 19, 2022 112.95 112.95 111.90 112.05 112.05 7,177,318
Sep 16, 2022 112.65 112.85 112.30 112.55 112.55 12,950,907
Sep 15, 2022 113.50 114.25 113.20 113.85 113.85 3,684,100
Sep 14, 2022 113.05 113.95 112.80 113.65 113.65 10,945,566
Sep 13, 2022 116.10 116.40 115.75 116.00 116.00 4,540,486
Sep 12, 2022 115.30 115.65 115.00 115.40 115.40 7,545,318
Sep 08, 2022 113.05 113.05 112.40 113.00 113.00 7,117,171
Sep 07, 2022 113.10 113.15 112.10 112.20 112.20 15,488,892
Sep 06, 2022 114.80 115.40 114.25 114.90 114.90 6,476,116
Sep 05, 2022 114.10 114.75 113.70 114.15 114.15 8,878,179
Sep 02, 2022 115.10 115.10 113.85 113.90 113.90 13,994,058
Sep 01, 2022 115.50 115.60 114.75 115.15 115.15 21,061,579
Aug 31, 2022 115.95 117.60 115.80 117.60 117.60 7,045,914
Aug 30, 2022 116.55 117.20 116.20 116.75 116.75 12,155,353
Aug 29, 2022 116.25 116.95 116.00 116.55 116.55 15,775,738
Aug 26, 2022 119.85 120.10 119.45 119.60 119.60 9,959,737
Aug 25, 2022 118.50 119.45 118.45 119.00 119.00 4,893,719
Aug 24, 2022 118.80 118.95 117.65 117.90 117.90 7,063,478
Aug 23, 2022 118.55 119.00 118.20 118.20 118.20 10,325,627
Aug 22, 2022 120.00 120.25 119.75 120.05 120.05 5,007,000
Aug 19, 2022 121.25 122.00 120.90 121.55 121.55 4,026,019
Aug 18, 2022 121.40 121.45 120.95 121.35 121.35 5,272,003
Aug 17, 2022 122.10 122.30 121.80 122.15 122.15 13,854,866
Aug 16, 2022 122.00 122.30 121.90 122.10 122.10 9,872,266
Aug 15, 2022 121.45 122.10 121.25 121.90 121.90 9,547,362
Aug 12, 2022 120.55 121.00 120.30 120.80 120.80 8,424,337
Aug 11, 2022 119.80 120.45 119.60 120.05 120.05 10,728,096
Aug 10, 2022 118.00 118.20 117.50 117.90 117.90 7,222,854
Aug 09, 2022 118.40 119.50 118.00 119.15 119.15 7,884,158
Aug 08, 2022 119.00 119.25 118.30 119.25 119.25 8,691,407
Aug 05, 2022 118.00 119.50 117.90 119.50 119.50 9,309,559
Aug 04, 2022 116.35 116.80 115.20 116.55 116.55 6,849,417
Aug 03, 2022 115.65 116.25 115.50 116.25 116.25 7,840,202
Aug 02, 2022 116.55 116.55 115.10 115.55 115.55 17,694,450
Aug 01, 2022 118.10 118.10 117.20 117.65 117.65 9,504,634
Jul 29, 2022 118.15 118.50 117.65 118.00 118.00 8,030,332
Jul 28, 2022 117.85 117.95 116.90 116.90 116.90 8,307,208
Jul 27, 2022 115.50 116.70 115.15 116.70 116.70 7,917,050
Jul 26, 2022 116.60 116.60 115.30 115.65 115.65 12,623,932
Jul 25, 2022 116.30 116.95 116.00 116.70 116.70 10,543,360
Jul 22, 2022 116.60 117.20 116.30 116.80 116.80 15,614,914
Jul 21, 2022 115.40 116.35 115.00 116.35 116.35 8,803,270
Jul 20, 2022 115.85 116.20 114.70 115.05 115.05 16,836,288
Jul 19, 2022 113.95 114.65 113.60 114.30 114.30 13,251,365
Jul 18, 2022 114.65 114.85 113.95 114.20 114.20 22,207,344
Jul 15, 2022 114.60 115.65 113.75 115.50 115.50 18,555,312
Jul 14, 2022 112.70 114.25 111.80 114.00 114.00 14,750,428
Jul 13, 2022 113.00 113.65 112.60 113.45 113.45 24,824,897
Jul 12, 2022 110.95 110.95 109.15 109.55 109.55 11,133,444
Jul 11, 2022 113.65 113.70 111.85 112.25 112.25 7,572,953
Jul 08, 2022 113.30 113.90 112.30 113.25 113.25 10,177,857
Jul 07, 2022 109.45 112.15 108.55 112.10 112.10 13,433,190
Jul 06, 2022 111.00 111.05 108.45 108.85 108.85 15,611,981
Jul 05, 2022 112.55 112.95 109.00 111.00 111.00 16,214,458
Jul 04, 2022 111.25 112.20 110.00 110.45 110.45 26,442,712
Jul 01, 2022 115.65 115.65 111.20 111.55 111.55 34,719,560
Jun 30, 2022 117.70 117.80 115.50 115.80 115.80 20,430,245
Jun 29, 2022 118.70 119.55 118.50 118.80 118.80 6,271,996
Jun 28, 2022 120.80 120.80 119.25 119.80 119.80 10,808,460
Jun 27, 2022 119.80 121.45 119.80 120.95 120.95 16,680,954
Jun 24, 2022 118.65 119.30 117.95 118.15 118.15 10,768,382
Jun 23, 2022 119.80 119.80 117.25 117.90 117.90 16,872,943
Jun 22, 2022 121.70 121.70 119.35 119.50 119.50 15,108,994
Jun 21, 2022 120.95 122.20 120.35 122.20 122.20 6,482,625
Jun 20, 2022 120.90 120.95 119.50 119.75 119.75 10,564,277
Jun 17, 2022 121.00 121.50 120.40 120.85 120.85 19,671,555
Jun 16, 2022 124.10 125.00 122.25 122.50 122.50 12,767,922
Jun 15, 2022 123.00 123.60 122.65 122.75 122.75 8,848,327
Jun 14, 2022 122.60 123.55 122.10 123.35 123.35 11,889,780
Jun 13, 2022 124.10 124.25 123.45 123.55 123.55 16,866,775
Jun 10, 2022 126.80 127.40 126.40 127.10 127.10 4,249,603
Jun 09, 2022 128.20 128.50 127.65 128.40 128.40 1,927,275
Jun 08, 2022 128.50 129.10 128.15 128.80 128.80 3,979,050
Jun 07, 2022 127.95 127.95 126.85 127.40 127.40 4,841,440
Jun 06, 2022 128.25 129.00 127.45 128.70 128.70 4,027,825
Jun 02, 2022 128.45 128.45 127.60 127.80 127.80 4,429,653
Jun 01, 2022 129.30 130.05 129.00 129.15 129.15 6,406,682
May 31, 2022 128.45 129.80 127.60 129.80 129.80 7,025,667
May 30, 2022 127.25 128.60 127.05 128.55 128.55 14,542,630
May 27, 2022 124.15 125.80 124.05 125.50 125.50 11,700,393
May 26, 2022 125.00 125.00 122.85 122.90 122.90 5,804,968
May 25, 2022 123.70 124.70 123.45 124.45 124.45 2,567,573
May 24, 2022 125.00 125.20 123.40 123.50 123.50 5,069,187
May 23, 2022 125.30 125.60 124.50 124.90 124.90 2,678,893
May 20, 2022 123.75 124.95 123.65 124.65 124.65 3,665,416
May 19, 2022 123.45 123.80 122.65 123.30 123.30 7,258,370
May 18, 2022 125.35 126.00 125.25 125.70 125.70 6,316,611
May 17, 2022 123.15 124.50 123.15 124.35 124.35 4,165,551
May 16, 2022 123.45 124.00 122.50 123.00 123.00 5,726,166
May 13, 2022 122.10 122.35 121.55 122.35 122.35 7,026,550
May 12, 2022 123.00 123.00 121.20 121.25 121.25 11,938,815
May 11, 2022 123.85 124.45 123.30 124.20 124.20 8,049,901
May 10, 2022 122.15 124.10 121.55 124.00 124.00 13,844,143
May 09, 2022 125.50 125.55 124.50 124.55 124.55 12,930,248
May 06, 2022 126.45 126.85 125.95 126.65 126.65 17,050,883
May 05, 2022 129.50 129.80 128.95 129.25 129.25 6,225,604
May 04, 2022 128.30 128.45 127.50 127.80 127.80 9,899,693
May 03, 2022 128.55 128.70 127.45 127.80 127.80 6,281,269
Apr 29, 2022 128.90 129.50 128.25 128.75 128.75 11,884,431
Apr 28, 2022 127.35 127.40 125.95 127.10 127.10 11,542,841
Apr 27, 2022 127.00 127.00 126.05 126.55 126.55 28,746,564
Apr 26, 2022 129.75 129.80 128.85 129.25 129.25 9,352,352
Apr 25, 2022 130.00 130.05 128.65 129.25 129.25 32,212,970
Apr 22, 2022 131.40 131.75 130.85 131.60 131.60 11,200,337
Apr 21, 2022 133.25 133.60 132.65 132.75 132.75 3,984,094
Apr 20, 2022 132.20 132.70 131.65 132.65 132.65 6,762,135
Apr 19, 2022 132.25 132.95 131.85 132.00 132.00 9,059,509
Apr 18, 2022 132.00 132.25 131.15 131.55 131.55 17,962,021
Apr 15, 2022 132.85 133.05 132.00 132.25 132.25 20,692,379
Apr 14, 2022 135.75 135.75 134.55 134.55 134.55 4,947,994
Apr 13, 2022 133.40 135.20 133.20 135.05 135.05 7,046,713
Apr 12, 2022 132.15 132.85 131.60 132.55 132.55 14,218,880
Apr 11, 2022 134.15 134.45 132.20 132.45 132.45 16,709,415
Apr 08, 2022 134.10 134.55 133.75 134.55 134.55 8,942,218
Apr 07, 2022 135.10 135.10 133.80 133.80 133.80 14,747,866
Apr 06, 2022 135.25 136.35 135.00 136.25 136.25 11,562,914
Apr 01, 2022 136.60 136.95 136.15 136.95 136.95 7,698,756
Mar 31, 2022 138.55 138.65 138.10 138.10 138.10 3,559,638
Mar 30, 2022 138.05 138.70 138.05 138.55 138.55 8,166,267
Mar 29, 2022 137.00 137.20 136.60 136.85 136.85 6,443,554
Mar 28, 2022 137.00 137.00 135.55 136.70 136.70 10,506,177
Mar 25, 2022 138.40 138.50 137.90 138.20 138.20 4,874,198
Mar 24, 2022 137.50 138.10 137.05 138.00 138.00 4,277,141
Mar 23, 2022 137.60 138.35 137.55 138.10 138.10 10,269,938
Mar 22, 2022 136.80 137.00 136.30 136.80 136.80 6,046,072
Mar 21, 2022 136.80 137.65 136.80 137.00 137.00 7,718,397
Mar 18, 2022 136.60 136.60 135.50 136.10 136.10 12,645,344
Mar 17, 2022 135.45 136.50 135.20 136.40 136.40 14,001,548
Mar 16, 2022 133.20 133.25 131.10 132.20 132.20 18,988,520
Mar 15, 2022 133.15 133.15 131.40 131.65 131.65 23,530,678
Mar 14, 2022 135.00 135.35 134.00 134.40 134.40 8,586,652
Mar 11, 2022 135.85 135.85 134.20 134.40 134.40 10,604,845
Mar 10, 2022 135.20 136.55 135.20 136.35 136.35 14,436,523
Mar 09, 2022 132.20 133.25 132.20 132.50 132.50 20,881,585
Mar 08, 2022 132.45 133.15 131.00 131.15 131.15 41,820,858
Mar 07, 2022 136.90 136.90 133.75 134.00 134.00 52,044,419
Mar 04, 2022 138.50 138.85 137.95 138.45 138.45 12,599,177
Mar 03, 2022 140.50 140.80 139.85 139.95 139.95 4,438,868
Mar 02, 2022 140.00 140.10 139.20 139.65 139.65 6,131,154
Mar 01, 2022 139.05 140.80 138.85 140.45 140.45 8,239,515
Feb 25, 2022 139.05 139.20 137.85 138.50 138.50 22,577,270
Feb 24, 2022 141.10 141.10 138.30 138.80 138.80 29,453,452
Feb 23, 2022 141.85 142.40 141.65 142.25 142.25 4,408,857
Feb 22, 2022 142.60 142.65 140.75 141.85 141.85 18,718,149
Feb 21, 2022 143.45 143.85 142.80 143.80 143.80 4,502,939
Feb 18, 2022 143.50 144.15 143.05 144.10 144.10 3,867,211
Feb 17, 2022 144.40 145.00 144.00 144.50 144.50 4,940,804
Feb 16, 2022 143.90 144.45 143.80 144.40 144.40 6,700,043
Feb 15, 2022 142.70 143.20 141.95 142.05 142.05 7,361,227
Feb 14, 2022 143.95 143.95 142.20 142.70 142.70 11,864,040
Feb 11, 2022 144.70 145.05 144.05 144.95 144.95 4,314,921
Feb 10, 2022 143.90 145.05 143.50 145.05 145.05 6,004,217
Feb 09, 2022 143.50 143.50 142.65 143.40 143.40 8,060,900
Feb 08, 2022 143.30 143.50 142.80 142.90 142.90 11,085,092
Feb 07, 2022 142.60 142.80 141.20 142.30 142.30 24,022,580
Jan 26, 2022 141.15 142.20 141.05 141.55 141.55 17,750,822
Jan 25, 2022 142.55 142.55 141.25 141.65 141.65 24,021,948
Jan 24, 2022 142.10 144.00 141.70 144.00 144.00 13,160,487
Jan 21, 2022 143.90 143.95 142.30 142.65 142.65 29,877,595
Jan 20, 2022 148.50 149.20 147.60 149.10 149.10 16,263,347
Jan 19, 2022 149.00 149.65 148.25 148.50 148.50 14,664,287
Jan 18, 2022 152.20 152.25 150.15 150.30 150.30 14,415,115
Jan 17, 2022 151.10 152.40 151.10 152.00 152.00 6,927,798
Jan 14, 2022 150.80 151.20 149.05 150.30 150.30 10,111,529
Jan 13, 2022 149.55 150.45 149.55 150.30 150.30 7,453,096
Jan 12, 2022 149.35 149.60 148.70 149.55 149.55 10,154,802
Jan 11, 2022 147.60 148.50 146.70 148.30 148.30 17,755,402
Jan 10, 2022 146.00 147.80 145.40 147.55 147.55 15,701,971
Jan 07, 2022 148.30 149.00 146.50 146.60 146.60 6,989,124
Jan 06, 2022 148.30 148.75 147.00 147.90 147.90 8,621,233
Jan 05, 2022 150.10 150.55 149.10 149.30 149.30 11,406,601
Jan 04, 2022 147.70 149.60 147.70 149.60 149.60 9,634,440
Jan 03, 2022 146.00 147.35 146.00 146.40 146.40 6,784,202
Dec 30, 2021 145.95 146.00 145.35 145.50 145.50 6,246,428
Dec 29, 2021 145.45 146.15 145.05 145.95 145.95 22,522,224
*Close price adjusted for splits.**Adjusted close price adjusted for splits and dividend and/or capital gain distributions.

